928.4163208007812,138.67727661132812,955.3504028320312,205.6756591796875
915.43359375,138.88186645507812,943.446533203125,205.4886932373047
904.3042602539062,137.41912841796875,930.0038452148438,203.72007751464844
893.061767578125,138.21112060546875,918.6727294921875,202.3385467529297
893.08740234375,138.1562957763672,918.7069702148438,202.44288635253906
884.9139404296875,137.02061462402344,908.6737060546875,204.1875457763672
875.7900390625,135.98202514648438,899.29052734375,200.05027770996094
867.6904907226562,136.59237670898438,892.5946655273438,202.0243377685547
867.7296752929688,136.61929321289062,892.5422973632812,202.05267333984375
859.9198608398438,136.55996704101562,884.1483764648438,203.06524658203125
862.171875,141.60850524902344,882.949951171875,205.92462158203125
861.879638671875,141.6352081298828,883.948974609375,207.01658630371094
861.5938110351562,142.0188446044922,884.4768676757812,207.52853393554688
859.9793701171875,142.3101348876953,885.4865112304688,209.7311248779297
857.429443359375,142.19192504882812,885.1754150390625,211.95643615722656
847.4194946289062,142.62841796875,887.497802734375,222.82801818847656
850.7891845703125,142.73336791992188,888.0789794921875,222.5664825439453
854.0570678710938,142.46066284179688,887.0999145507812,222.3157196044922
855.278564453125,143.16934204101562,884.8101806640625,223.92343139648438
853.9487915039062,143.08946228027344,886.4232788085938,224.88427734375
854.4259643554688,143.5167236328125,886.3511352539062,225.0121307373047
854.6451416015625,143.55860900878906,886.4088134765625,224.6297607421875
854.5999145507812,143.76815795898438,885.1887817382812,223.9767303466797
855.0437622070312,143.34251403808594,886.2167358398438,224.28382873535156
855.1834716796875,143.87069702148438,885.47021484375,224.74966430664062
854.688720703125,142.9277801513672,885.3693237304688,224.2826385498047
856.7451782226562,143.18060302734375,885.4898071289062,224.8051300048828
858.0128173828125,143.66392517089844,885.53466796875,223.69735717773438
858.595458984375,144.1966094970703,885.509033203125,223.68649291992188
858.8477783203125,145.95391845703125,885.8091430664062,224.08355712890625
859.0497436523438,146.01756286621094,886.1987915039062,223.99037170410156
860.694091796875,145.4683074951172,886.4010009765625,222.157470703125
861.6806030273438,144.87753295898438,888.0924682617188,222.700927734375
860.9419555664062,142.80953979492188,891.8274536132812,222.53787231445312
863.7361450195312,144.29229736328125,893.6632690429688,221.903564453125
864.0518188476562,141.20651245117188,894.9761352539062,221.56422424316406
865.3275146484375,139.8145751953125,895.1788330078125,220.33547973632812
866.2893676757812,137.92327880859375,894.9237670898438,220.6000213623047
866.5977172851562,137.56561279296875,895.2630615234375,219.70555114746094
867.4205932617188,136.32046508789062,895.0801391601562,218.84426879882812
867.7501831054688,135.49114990234375,895.3577270507812,218.4008026123047
867.1953735351562,134.58450317382812,896.1326293945312,216.36705017089844
868.5690307617188,135.9049530029297,896.4237670898438,213.57398986816406
869.5382080078125,157.32595825195312,896.6702270507812,211.9024200439453
869.36865234375,155.8333740234375,890.2313232421875,211.7456817626953
875.4076538085938,134.5572967529297,898.1423950195312,208.8992156982422
877.1856079101562,131.69110107421875,897.8318481445312,208.3358917236328
877.5076904296875,128.25723266601562,897.7489013671875,207.6075439453125
879.0999755859375,127.91143798828125,898.9541015625,192.75796508789062
879.2098388671875,124.23820495605469,899.426513671875,189.5028076171875
879.2318115234375,121.85364532470703,901.037109375,186.74745178222656
877.1658325195312,120.91310119628906,901.7012329101562,185.4945831298828
875.4083862304688,120.85711669921875,902.73779296875,188.13267517089844
873.7240600585938,118.95526885986328,904.7197875976562,182.24461364746094
875.7291870117188,118.4370346069336,907.2669067382812,184.08938598632812
877.6356811523438,118.28608703613281,910.3218383789062,183.00796508789062
879.4545288085938,118.09957122802734,912.43017578125,181.47830200195312
878.7767944335938,117.65153503417969,912.8150024414062,181.18862915039062
876.1925048828125,117.24586486816406,911.9991455078125,182.47434997558594
877.2335815429688,116.78608703613281,912.0814819335938,180.72900390625
881.77880859375,115.28755187988281,911.2950439453125,179.1221466064453
885.5645751953125,114.6492919921875,910.409423828125,177.58604431152344
890.1834106445312,113.53612518310547,911.1596069335938,174.26597595214844
893.7570190429688,111.03387451171875,912.7505493164062,171.941162109375
894.2514038085938,110.61611938476562,913.5031127929688,169.44920349121094
894.495849609375,108.82381439208984,914.6356201171875,169.3987579345703
894.4718627929688,106.5010757446289,915.9970092773438,168.23350524902344
894.8206787109375,105.28092956542969,917.2979736328125,167.9403076171875
895.3705444335938,104.57167053222656,918.5451049804688,167.81002807617188
895.6959838867188,103.5896987915039,919.5247802734375,165.05014038085938
895.7545166015625,103.08272552490234,919.3487548828125,164.42477416992188
897.089599609375,102.71907806396484,919.8990478515625,163.36488342285156
897.5055541992188,102.65025329589844,921.1754150390625,162.66073608398438
897.1415405273438,101.07950592041016,921.8560180664062,161.86630249023438
897.3409423828125,98.5689926147461,922.2301025390625,162.10830688476562
897.0159301757812,96.75981903076172,922.2855834960938,161.57208251953125
896.4486694335938,95.88949584960938,921.6278686523438,161.23709106445312
896.1307983398438,95.2430648803711,921.8406372070312,160.8291015625
896.4262084960938,95.11685943603516,920.6232299804688,160.47149658203125
896.2798461914062,94.35067749023438,919.4783935546875,159.88668823242188
894.5890502929688,94.36731719970703,918.6846313476562,163.52249145507812
893.0504150390625,94.70537567138672,917.26171875,169.1684112548828
891.8533325195312,94.73741912841797,916.3380126953125,171.1189727783203
885.8515014648438,92.51488494873047,915.7789916992188,172.44882202148438
888.0855102539062,91.15617370605469,915.0031127929688,172.736572265625
889.9434814453125,89.02310943603516,914.2908325195312,171.7616424560547
889.8872680664062,87.7104721069336,913.0852661132812,171.13157653808594
890.3102416992188,120.79005432128906,914.1040649414062,172.19627380371094
888.9490356445312,86.72383117675781,917.1533203125,173.7762908935547
888.4317626953125,118.91613006591797,919.1951293945312,174.6279754638672
887.585693359375,119.32784271240234,920.2101440429688,175.77310180664062
883.2308349609375,87.65233612060547,909.6192626953125,140.77085876464844
881.7302856445312,87.20631408691406,909.591796875,142.49212646484375
878.6318359375,87.75448608398438,909.4613037109375,149.4014892578125
877.9711303710938,88.76197814941406,912.7534790039062,165.24801635742188
876.5180053710938,87.28099822998047,903.1975708007812,145.17225646972656
876.2019653320312,87.15799713134766,903.1063842773438,148.0714874267578
888.7571411132812,120.16506958007812,923.6911010742188,175.90003967285156
887.592041015625,118.7442626953125,923.682861328125,176.58294677734375
871.1449584960938,86.28469848632812,902.7621459960938,153.71420288085938
870.4530029296875,86.71357727050781,904.5472412109375,156.55963134765625
870.0853881835938,85.44552612304688,897.9249267578125,158.46583557128906
867.951416015625,86.69343566894531,895.566650390625,157.13536071777344
863.982421875,87.71548461914062,893.0401611328125,148.2083282470703
863.2128295898438,89.2413330078125,891.0210571289062,146.55160522460938
862.1385498046875,89.71541595458984,890.633056640625,147.96458435058594
859.5026245117188,89.69007110595703,888.9024047851562,146.75674438476562
857.0819091796875,90.69271087646484,885.9151611328125,146.54833984375
855.3028564453125,91.27848815917969,883.128662109375,147.63565063476562
853.5997924804688,91.21237182617188,879.2609252929688,145.36032104492188
870.47705078125,129.27577209472656,898.2479248046875,182.76852416992188
869.5494384765625,129.68185424804688,897.5816040039062,183.43699645996094
867.9547729492188,129.9691925048828,895.3687744140625,184.01254272460938
846.1025390625,87.98233795166016,870.5513305664062,144.77061462402344
843.9695434570312,86.44196319580078,872.5720825195312,145.10684204101562
842.5346069335938,87.57024383544922,868.6139526367188,145.52346801757812
839.581787109375,88.61808776855469,869.7440185546875,145.6772918701172
835.5408935546875,89.64297485351562,867.2406616210938,146.2232208251953
833.4091796875,89.72286987304688,859.863525390625,145.81695556640625
831.7161254882812,89.53216552734375,860.0114135742188,146.62588500976562
830.8118286132812,90.42853546142578,858.192138671875,147.97866821289062
828.1483154296875,89.85836791992188,855.99169921875,147.44361877441406
825.3980712890625,89.34100341796875,852.1435546875,148.53286743164062
823.0640869140625,90.36705780029297,850.1452026367188,149.65415954589844
821.307373046875,90.69210052490234,849.05810546875,149.5648956298828
819.3436889648438,90.94931030273438,847.3771362304688,150.719970703125
818.9767456054688,92.836669921875,847.4357299804688,152.0656280517578
817.4791870117188,93.48841857910156,844.7926635742188,152.24705505371094
816.7236328125,95.53569030761719,842.1090087890625,151.3970947265625
815.4014282226562,96.7239990234375,837.7992553710938,151.9283447265625
813.0756225585938,97.31314086914062,835.4935913085938,153.22210693359375
812.2452392578125,97.55738067626953,835.0257568359375,152.7281951904297
810.726806640625,98.55786895751953,835.0860595703125,153.49037170410156
807.3278198242188,99.04566192626953,836.07373046875,156.63230895996094
806.4961547851562,99.645263671875,835.0999755859375,157.18748474121094
804.7633666992188,101.10960388183594,833.1046142578125,158.26748657226562
801.567626953125,102.23762512207031,831.3074340820312,159.27566528320312
798.9014282226562,103.66967010498047,829.0610961914062,157.69248962402344
798.138427734375,104.27989196777344,826.40771484375,158.44313049316406
797.340087890625,105.16669464111328,822.7503662109375,157.9496612548828
795.4927368164062,105.205810546875,820.3782348632812,159.43052673339844
794.2937622070312,105.34210968017578,820.1270141601562,160.05337524414062
793.1900024414062,105.6280746459961,819.025634765625,163.64535522460938
789.279052734375,107.19307708740234,817.6080322265625,167.20217895507812
788.1822509765625,109.42778778076172,817.5091552734375,169.2783660888672
787.5470581054688,110.87571716308594,815.3391723632812,169.0146942138672
786.6033325195312,112.65470123291016,813.6491088867188,169.5308074951172
785.2366943359375,115.37892150878906,808.864990234375,169.75735473632812
784.3412475585938,114.93466186523438,805.8209838867188,173.20477294921875
784.0277709960938,115.48869323730469,805.4221801757812,171.82440185546875
780.5889282226562,115.6963119506836,805.92431640625,172.84141540527344
779.94580078125,115.7178726196289,807.240234375,174.22000122070312
777.3737182617188,116.26048278808594,806.5233764648438,178.15371704101562
770.68798828125,120.0091781616211,806.666015625,182.96632385253906
769.36083984375,121.72320556640625,806.1796875,182.6223907470703
769.4886474609375,124.05459594726562,796.559326171875,182.31802368164062
769.0006713867188,125.7410659790039,797.9360961914062,182.9730987548828
768.0952758789062,125.95417785644531,798.5372924804688,182.1438446044922
767.7579345703125,125.35858154296875,795.6044311523438,182.57212829589844
766.8529052734375,124.87804412841797,792.949462890625,184.0051727294922
766.4390869140625,124.74346160888672,790.6289672851562,185.27093505859375
764.9884643554688,124.8526611328125,790.5648193359375,187.30545043945312
763.8568725585938,125.04792022705078,789.3964233398438,191.06150817871094
762.2327880859375,127.63600158691406,791.5803833007812,192.8910369873047
762.2129516601562,130.6240234375,792.5205688476562,195.1144561767578
761.7781372070312,132.99179077148438,793.246826171875,195.67410278320312
760.2879028320312,134.19468688964844,792.6866455078125,198.16964721679688
759.8862915039062,136.3157196044922,790.908203125,197.97401428222656
759.400634765625,136.59461975097656,789.4744262695312,196.92173767089844
758.3720092773438,136.6814727783203,785.5609741210938,196.70294189453125
758.108642578125,136.99856567382812,785.123291015625,197.36569213867188
758.0521240234375,137.10008239746094,783.7938232421875,197.54205322265625
757.87939453125,136.9497528076172,783.832763671875,199.8208465576172
759.2644653320312,139.0240020751953,783.5372924804688,203.64715576171875
760.2495727539062,139.81663513183594,783.2369995117188,205.2195281982422
759.7247314453125,141.33143615722656,783.0855102539062,206.55593872070312
760.1477661132812,141.88861083984375,782.3313598632812,207.48660278320312
760.3248291015625,141.96482849121094,781.8662719726562,208.3556671142578
704.7156372070312,231.6195831298828,729.51416015625,285.8833312988281
702.4999389648438,233.23484802246094,728.0874633789062,288.4676818847656
696.3993530273438,233.8758544921875,725.4986572265625,295.6057434082031
758.814208984375,143.6110382080078,781.4846801757812,208.36253356933594
758.52392578125,144.01364135742188,781.669921875,208.24859619140625
756.0477905273438,146.22689819335938,782.6759033203125,208.5435028076172
755.2730102539062,147.39991760253906,783.9107666015625,209.3238983154297
754.9202880859375,147.78045654296875,784.0972290039062,212.21165466308594
755.31005859375,148.44398498535156,784.0946044921875,214.1739501953125
755.2022094726562,149.70635986328125,784.14990234375,215.7245330810547
755.0929565429688,151.0033416748047,784.3768310546875,216.08428955078125
754.5466918945312,152.2442626953125,784.5238037109375,217.61952209472656
753.8430786132812,152.84701538085938,784.3896484375,218.2570037841797
752.8572998046875,153.03692626953125,784.3350219726562,218.2489471435547
752.337890625,154.9630889892578,783.0851440429688,217.99371337890625
752.9251708984375,155.839599609375,779.847900390625,218.13107299804688
753.032958984375,155.95167541503906,778.306884765625,218.6549530029297
752.8982543945312,156.29356384277344,777.6304931640625,218.3144989013672
752.0969848632812,157.34600830078125,776.9366455078125,218.337890625
751.2888793945312,157.23619079589844,775.9762573242188,220.0033721923828
750.5281372070312,158.05032348632812,775.422607421875,222.04293823242188
750.2662353515625,160.19839477539062,774.4327392578125,222.8956298828125
750.1920776367188,160.7084197998047,774.0745239257812,226.1436309814453
749.6753540039062,161.3730010986328,773.5074462890625,227.16453552246094
748.0184326171875,162.79412841796875,772.4332275390625,228.14089965820312
747.1175537109375,166.14488220214844,771.4039306640625,229.09580993652344
747.375732421875,166.59097290039062,771.0205078125,229.04440307617188
746.8316040039062,166.3655548095703,771.8232421875,229.31190490722656
746.2147216796875,166.58322143554688,771.30029296875,229.20034790039062
744.9804077148438,166.94924926757812,770.7720336914062,229.16510009765625
744.722900390625,166.9383087158203,770.5673217773438,229.5106201171875
743.52197265625,167.58787536621094,769.781494140625,229.85179138183594
742.224609375,168.26153564453125,770.0255126953125,232.2794189453125
742.4733276367188,169.1964569091797,768.6273803710938,233.8355255126953
741.4378051757812,170.5733184814453,768.5623779296875,236.38023376464844
740.0750122070312,173.3913116455078,770.4771118164062,238.49267578125
739.701416015625,174.2481231689453,770.2437744140625,239.6575164794922
737.6689453125,177.11434936523438,766.9200439453125,240.4746551513672
736.9683837890625,178.74142456054688,764.00830078125,242.50469970703125
736.19482421875,177.89630126953125,763.601806640625,242.27252197265625
735.9234008789062,178.25584411621094,762.3601684570312,242.4586181640625
735.2288818359375,179.47677612304688,760.305908203125,242.83767700195312
734.2866821289062,179.00404357910156,760.1812744140625,243.0271453857422
733.7243041992188,177.79847717285156,757.9013671875,243.38255310058594
733.74560546875,179.67984008789062,757.4273681640625,243.12112426757812
731.6763305664062,180.15760803222656,755.6856689453125,247.20428466796875
730.2379760742188,184.05072021484375,754.6798095703125,249.25274658203125
728.8906860351562,184.88356018066406,754.8695068359375,251.37954711914062
727.2981567382812,186.6760711669922,753.9055786132812,251.6902313232422
726.1342163085938,186.2135009765625,752.7882690429688,253.24932861328125
725.7327270507812,189.21038818359375,752.4573364257812,254.0614471435547
724.1455688476562,189.58346557617188,751.7450561523438,256.0213623046875
722.3973999023438,189.24798583984375,750.2510375976562,256.26123046875
720.5363159179688,189.5691375732422,747.9915161132812,256.8786926269531
718.84521484375,190.30235290527344,746.1943969726562,257.21539306640625
712.8712768554688,191.4609375,737.4752197265625,255.92404174804688
711.3277587890625,192.90628051757812,736.2762451171875,256.2137145996094
709.9676513671875,194.04469299316406,736.623779296875,258.8813171386719
706.9493408203125,194.32952880859375,734.9505004882812,260.48968505859375
703.9193115234375,195.15509033203125,734.335693359375,262.8712463378906
703.5711669921875,196.64849853515625,734.0943603515625,263.27288818359375
700.0789184570312,197.10179138183594,730.8441162109375,263.4132080078125
697.5362548828125,198.7001495361328,728.7738647460938,266.4427490234375
696.180908203125,199.58010864257812,727.97998046875,267.06829833984375
694.9308471679688,200.1053466796875,725.0621337890625,266.1817932128906
691.9432983398438,199.98724365234375,721.8718872070312,266.05609130859375
691.7548828125,200.04466247558594,719.5079956054688,265.3514709472656
690.7256469726562,198.34556579589844,718.5353393554688,264.9503479003906
689.2527465820312,199.03533935546875,716.69091796875,265.16510009765625
688.024169921875,200.64454650878906,714.7698364257812,265.1900329589844
687.47998046875,201.8367462158203,714.4034423828125,266.0699462890625
686.3572387695312,202.28347778320312,715.4950561523438,267.63153076171875
681.3211669921875,202.8937225341797,714.3363647460938,269.3954162597656
679.0580444335938,204.34494018554688,715.9087524414062,269.52288818359375
676.8543090820312,204.84242248535156,715.8658447265625,269.72161865234375
676.4707641601562,208.15635681152344,714.7182006835938,271.62725830078125
675.5850219726562,208.50645446777344,714.2666015625,271.75042724609375
674.0928955078125,208.10202026367188,712.1500854492188,271.57177734375
673.6737670898438,208.59690856933594,710.1663208007812,272.53887939453125
673.4298706054688,208.4359130859375,707.8483276367188,271.8846130371094
673.3427734375,210.34373474121094,706.3327026367188,272.3172302246094
672.618896484375,211.52545166015625,703.8057861328125,272.9295349121094
671.71875,211.21885681152344,700.8629150390625,273.70318603515625
670.0184326171875,213.4672393798828,701.094482421875,277.7474060058594
669.4188232421875,214.58084106445312,702.279296875,279.3657531738281
669.9588012695312,220.14511108398438,707.1716918945312,281.4099426269531
669.0770874023438,223.14987182617188,709.77392578125,281.9579772949219
669.3870849609375,224.6033477783203,711.9041748046875,282.2712097167969
670.11474609375,226.21038818359375,709.3287963867188,282.9358215332031
669.6361083984375,228.0720977783203,700.0968017578125,282.535888671875
670.4055786132812,229.0553436279297,703.6968994140625,283.0705871582031
671.9931030273438,231.93316650390625,703.7252807617188,286.24078369140625
671.7378540039062,232.25592041015625,706.0157470703125,286.24273681640625
555.4252319335938,298.1001892089844,591.3117065429688,350.40509033203125
670.6500244140625,234.9851531982422,710.4776611328125,290.48687744140625
667.5670166015625,236.57139587402344,710.5940551757812,294.51171875
666.412109375,239.2606658935547,707.1739501953125,298.8662109375
666.5065307617188,242.6110382080078,706.2032470703125,302.2137756347656
662.0711669921875,243.98858642578125,699.590576171875,301.9661865234375
662.0574340820312,246.37852478027344,702.8104858398438,302.2447204589844
663.4768676757812,247.572509765625,706.169189453125,304.1926574707031
663.51025390625,250.81370544433594,708.8116455078125,306.3378601074219
664.0406494140625,253.06573486328125,710.2205810546875,310.3229064941406
664.6499633789062,253.82958984375,709.8399047851562,313.4395751953125
665.173095703125,256.4150085449219,707.89892578125,316.2373046875
665.2123413085938,263.9985046386719,698.7432861328125,322.82635498046875
663.7877807617188,267.2939453125,698.5333251953125,322.51007080078125
663.8723754882812,270.6589050292969,703.7962646484375,325.05523681640625
662.9202880859375,271.8186950683594,709.4073486328125,326.4116516113281
662.6549682617188,272.5683288574219,710.7394409179688,328.5824279785156
663.0968627929688,274.3765869140625,710.8796997070312,332.1683654785156
666.22705078125,276.01971435546875,710.635986328125,333.7552185058594
666.3997192382812,278.8037414550781,709.942626953125,335.5241394042969
666.0261840820312,279.84698486328125,708.1078491210938,335.76409912109375
669.2605590820312,280.0995178222656,713.1333618164062,335.283935546875
676.3109130859375,282.71319580078125,726.3966064453125,337.14154052734375
683.1321411132812,284.3631896972656,733.8143920898438,346.5502014160156
689.7228393554688,284.6986999511719,741.136474609375,342.8873291015625
696.5271606445312,285.0369873046875,742.238525390625,344.3228759765625
704.6641845703125,286.7572021484375,745.3846435546875,344.5694580078125
709.6807250976562,286.464111328125,745.3447265625,344.5932922363281
715.92578125,290.0966796875,756.3820190429688,342.6663513183594
721.11474609375,289.1838684082031,768.4667358398438,342.7169189453125
726.0848388671875,290.1929931640625,778.8678588867188,343.1884765625
733.3580932617188,290.12164306640625,774.2415161132812,345.6453552246094
746.7975463867188,291.2442626953125,790.9556274414062,349.9587707519531
685.759765625,347.31292724609375,723.5968627929688,401.7940368652344
759.0853881835938,294.8228759765625,797.1041259765625,351.1680908203125
761.783935546875,297.21435546875,808.3868408203125,350.1099548339844
768.4425659179688,298.3039245605469,819.5941772460938,351.07794189453125
774.8665161132812,299.4664306640625,829.7161254882812,353.94500732421875
782.8095703125,299.3704833984375,824.855712890625,355.8228454589844
791.6337890625,300.85638427734375,847.6195678710938,356.1451721191406
807.120849609375,301.9158630371094,855.6068115234375,359.38525390625
816.7353515625,302.7327575683594,855.6123046875,359.2171630859375
782.5772705078125,351.19427490234375,823.8618774414062,413.1940612792969
794.8445434570312,351.58648681640625,841.5357055664062,413.5046081542969
856.6624145507812,304.4102783203125,894.5436401367188,358.891845703125
822.5059204101562,354.0128479003906,861.9270629882812,413.61981201171875
873.9453735351562,306.3523254394531,923.385498046875,361.94476318359375
882.9563598632812,307.972900390625,921.5198364257812,365.5444641113281
888.5765991210938,312.92431640625,929.6237182617188,368.82342529296875
894.591064453125,314.03900146484375,940.4791259765625,369.8880920410156
899.6973266601562,318.39984130859375,947.5442504882812,370.9459533691406
902.7478637695312,321.304443359375,941.1897583007812,376.4820861816406
908.9403076171875,330.70159912109375,953.15625,388.830810546875
915.8073120117188,335.0009765625,946.7711791992188,396.2048034667969
911.7366943359375,338.7292175292969,948.7796630859375,397.74200439453125
912.3323364257812,341.4546203613281,957.5626831054688,398.8924255371094
915.7750854492188,344.8246154785156,963.5284423828125,398.26055908203125
916.3500366210938,344.9729309082031,967.5195922851562,399.19879150390625
920.4053344726562,347.3515625,968.238525390625,399.69482421875
923.29052734375,347.91143798828125,955.5026245117188,424.2772521972656
926.4058227539062,350.0067443847656,959.2505493164062,416.2262878417969
926.8624877929688,352.1257629394531,956.4164428710938,409.9688720703125
922.7660522460938,358.4483947753906,970.9202270507812,415.5498352050781
924.3889770507812,362.3581237792969,974.5029296875,414.77362060546875
920.0560913085938,362.5923156738281,953.5471801757812,417.6087341308594
924.4658203125,395.0417175292969,973.4007568359375,469.3885803222656
924.9237670898438,396.9018859863281,974.7987670898438,468.6497497558594
927.6856079101562,409.65234375,974.1475219726562,469.3656005859375
927.429931640625,409.7540588378906,959.109375,473.0268859863281
916.4152221679688,374.0109558105469,942.6626586914062,424.2668151855469
911.1981811523438,376.4783020019531,939.5751342773438,440.8482971191406
908.4312744140625,377.733154296875,937.8548583984375,447.1194152832031
906.1950073242188,382.0040588378906,932.5171508789062,445.3008728027344
906.116455078125,384.1043701171875,932.56494140625,444.57183837890625
898.3245849609375,385.45037841796875,929.7216796875,442.3069152832031
895.198974609375,385.68560791015625,928.0491943359375,436.8563537597656
892.44287109375,388.1184997558594,925.4739990234375,444.3340759277344
884.2058715820312,388.3406066894531,930.0529174804688,450.3166809082031
877.13232421875,390.5289001464844,912.95068359375,448.7688903808594
875.5317993164062,392.5815124511719,910.8781127929688,455.5641174316406
874.1290283203125,393.9007873535156,902.3858642578125,458.5719909667969
902.5704956054688,435.9883117675781,931.4888916015625,493.2616882324219
859.8755493164062,397.7372131347656,892.36376953125,447.0156555175781
851.9013671875,399.2117004394531,883.0523681640625,455.2441711425781
844.2907104492188,399.8429260253906,876.072509765625,458.4117736816406
839.256103515625,399.528076171875,873.5977172851562,463.822998046875
842.5120849609375,401.4920654296875,865.148681640625,464.4917907714844
837.6632080078125,403.1170349121094,860.8092041015625,465.9203796386719
825.8203125,405.02801513671875,859.1405639648438,466.2441101074219
821.1361083984375,406.22149658203125,861.7481689453125,464.33001708984375
813.8953857421875,406.6722106933594,848.6209716796875,465.0942077636719
806.2545776367188,408.6335754394531,836.4614868164062,455.05145263671875
793.9821166992188,413.028564453125,822.7142944335938,478.1069030761719
790.7276000976562,412.2646179199219,821.917236328125,482.8684387207031
599.2542724609375,560.1478271484375,649.2455444335938,624.8554077148438
598.1609497070312,561.6746215820312,641.7390747070312,625.349365234375
766.0917358398438,416.876708984375,797.7166137695312,472.2389221191406
758.7615966796875,415.4178161621094,790.456787109375,480.7900390625
750.6456298828125,417.7048645019531,781.538818359375,481.0150451660156
742.69189453125,421.71405029296875,775.7288818359375,484.0511169433594
744.2928466796875,422.08721923828125,774.6098022460938,486.67803955078125
734.2758178710938,427.0372314453125,764.3624267578125,488.9371337890625
721.7650146484375,428.0737609863281,762.3192138671875,487.3506774902344
712.8890991210938,426.4710388183594,760.9462890625,488.5827941894531
706.790771484375,430.1183166503906,737.2034912109375,491.11907958984375
697.8261108398438,431.2801208496094,729.4928588867188,493.1195983886719
692.879150390625,433.0454406738281,724.09423828125,495.5321044921875
690.8260498046875,434.7397155761719,715.5904541015625,499.1663818359375
684.8307495117188,435.7171630859375,709.9727783203125,499.0217590332031
673.3603515625,440.116455078125,711.278564453125,501.77886962890625
662.8582763671875,439.9325866699219,711.4095458984375,502.07373046875
658.2786865234375,440.74420166015625,710.4910278320312,496.13818359375
645.8281860351562,442.6374206542969,674.15771484375,505.0317077636719
644.2687377929688,442.5249938964844,670.3297729492188,507.4684753417969
641.8748168945312,445.75848388671875,669.3999633789062,507.6562805175781
639.2760009765625,446.423583984375,672.9230346679688,509.50323486328125
635.726806640625,444.9361572265625,677.6002197265625,507.8556823730469
634.3984985351562,446.87860107421875,681.7338256835938,507.45318603515625
636.0059204101562,447.6053466796875,673.6860961914062,508.1802062988281
634.1636962890625,448.8636474609375,671.0672607421875,512.000244140625
632.9512329101562,450.825439453125,688.9092407226562,511.61920166015625
636.6819458007812,451.74957275390625,671.8250122070312,515.3717651367188
647.1416625976562,454.2525329589844,680.6273803710938,518.404541015625
647.7964477539062,455.6692199707031,688.80322265625,517.1484985351562
646.3912353515625,457.4577941894531,692.397216796875,513.0321044921875
648.2620239257812,458.8927917480469,677.993408203125,517.91259765625
651.1602783203125,461.3588562011719,678.4591064453125,519.97802734375
655.3458862304688,465.4010925292969,700.6926879882812,528.144287109375
658.8966064453125,468.440185546875,695.7046508789062,530.5017700195312
660.9267578125,472.3455810546875,694.9620361328125,531.77978515625
662.91943359375,475.9452209472656,708.1168212890625,534.5859985351562
664.3496704101562,479.687744140625,718.7063598632812,535.7680053710938
670.3394165039062,485.94976806640625,703.1627197265625,539.9159545898438
671.6446533203125,490.8605651855469,705.6522827148438,548.4575805664062
678.1728515625,492.0110778808594,709.2769775390625,551.3573608398438
682.5327758789062,497.20440673828125,714.53466796875,557.589111328125
685.0958251953125,500.3475036621094,723.929443359375,561.6109008789062
683.6771850585938,506.1800537109375,734.6647338867188,564.883544921875
685.889404296875,510.919189453125,730.6284790039062,562.6201171875
871.7678833007812,676.6148681640625,927.8637084960938,750.6128540039062
812.2847900390625,718.5682983398438,855.1624145507812,778.4280395507812
828.7364501953125,720.0803833007812,871.672119140625,772.5997924804688
973.6177368164062,687.7930297851562,1035.7384033203125,846.240966796875
785.9774780273438,538.16259765625,838.5379028320312,594.3931884765625
799.7488403320312,544.89501953125,857.5713500976562,603.4451904296875
810.035888671875,553.033935546875,878.05078125,612.5692138671875
823.1446533203125,561.3251953125,861.4010620117188,620.0026245117188
830.5171508789062,567.6156005859375,875.8416137695312,632.1659545898438
839.6947631835938,578.9364624023438,877.9370727539062,641.1923217773438
846.662841796875,587.91943359375,874.1046752929688,650.8839111328125
844.4774780273438,595.427734375,877.8663940429688,657.9053344726562
841.6503295898438,602.1216430664062,873.2689819335938,662.7156372070312
842.64111328125,617.1302490234375,874.6397094726562,681.098388671875
840.7813720703125,622.1676635742188,895.66357421875,683.5248413085938
845.1497192382812,627.9555053710938,882.1441650390625,688.9112548828125
857.5764770507812,632.3005981445312,894.0360717773438,695.3656005859375
861.9915161132812,636.3469848632812,887.72900390625,699.9655151367188
862.8444213867188,642.9351196289062,895.7902221679688,711.0016479492188
860.90283203125,646.9314575195312,902.6217651367188,713.0988159179688
859.5531005859375,651.1232299804688,907.8057861328125,713.4609375
859.3592529296875,655.7437744140625,909.0667114257812,718.1409912109375
865.084716796875,659.9447021484375,899.1236572265625,722.3975830078125
878.3291625976562,670.807861328125,907.1734008789062,735.7599487304688
874.2925415039062,672.953857421875,903.9223022460938,739.3524780273438
871.8682250976562,679.9242553710938,909.885498046875,744.6762084960938
871.5518188476562,683.35107421875,913.1764526367188,745.9107666015625
867.7249145507812,686.4032592773438,916.2372436523438,748.59814453125
866.84765625,687.3966064453125,916.16455078125,749.4479370117188
870.9606323242188,694.661376953125,910.1636962890625,752.8430786132812
879.9186401367188,698.3370361328125,906.3023071289062,758.3540649414062
880.0588989257812,700.5518798828125,906.0640869140625,763.6271362304688
876.3810424804688,704.641845703125,908.2399291992188,767.7183837890625
872.9427490234375,707.9697875976562,915.42724609375,776.9320678710938
872.578857421875,709.8573608398438,913.8433227539062,781.106689453125
870.5974731445312,713.85400390625,911.2692260742188,783.1074829101562
876.365478515625,716.7070922851562,912.1783447265625,782.9859619140625
879.678955078125,718.9976806640625,908.9591674804688,785.5330810546875
881.2190551757812,722.017333984375,905.7520751953125,786.9657592773438
878.75830078125,724.8179931640625,906.114990234375,788.4146118164062
875.50341796875,727.6770629882812,907.2247924804688,795.1484985351562
875.9498291015625,728.8826293945312,911.3719482421875,804.3096313476562
861.2139282226562,730.8552856445312,908.4723510742188,797.3172607421875
877.4783935546875,734.0801391601562,899.397216796875,793.4859619140625
873.6589965820312,735.28125,899.5193481445312,793.892578125
867.7769165039062,736.0755615234375,902.2970581054688,799.9890747070312
858.649169921875,737.3139038085938,899.2440185546875,801.1118774414062
857.9042358398438,739.7303466796875,894.059326171875,798.533935546875
859.1875,743.0068359375,891.3080444335938,800.1507568359375
857.8295288085938,744.939697265625,889.5715942382812,802.481689453125
857.5878295898438,743.8731079101562,887.4479370117188,803.9306030273438
858.2508544921875,743.1271362304688,885.3057861328125,803.9628295898438
851.68798828125,742.4483642578125,884.460205078125,803.8531494140625
845.27197265625,740.607421875,884.2943115234375,803.57666015625
841.4016723632812,739.673828125,874.7506713867188,806.179931640625
842.4481201171875,738.8805541992188,871.5415649414062,803.8709106445312
841.5413818359375,737.3633422851562,870.8032836914062,802.91455078125
836.6830444335938,736.7882080078125,867.52880859375,802.8832397460938
833.534912109375,737.123291015625,865.1136474609375,802.7823486328125
831.4918823242188,736.9493408203125,863.3897705078125,802.2528076171875
832.8001708984375,737.8751220703125,860.1423950195312,802.1566772460938
830.7718505859375,737.63525390625,858.2618408203125,802.87939453125
825.8367919921875,736.1072387695312,854.2979736328125,800.8822631835938
819.4597778320312,731.6119995117188,856.4950561523438,801.1495971679688
818.1483764648438,730.5075073242188,856.2863159179688,798.8988647460938
814.8477783203125,729.8139038085938,855.703369140625,792.1631469726562
816.62939453125,729.1744995117188,851.6089477539062,794.5211791992188
819.9151611328125,728.1905517578125,849.78662109375,792.832275390625
820.1045532226562,724.8722534179688,843.8884887695312,793.3877563476562
818.27490234375,722.4064331054688,842.6041259765625,794.6787109375
816.8069458007812,719.0504150390625,842.2897338867188,796.2225952148438
814.7664184570312,716.4419555664062,843.2495727539062,783.4146118164062
813.233642578125,712.6185913085938,847.3773193359375,780.2091064453125
809.0634155273438,708.9755859375,846.9889526367188,781.1422119140625
807.4545288085938,706.6339721679688,842.4036865234375,778.8922119140625
811.1123657226562,706.7260131835938,839.6991577148438,776.17626953125
811.9171142578125,704.5581665039062,842.6268310546875,773.548095703125
805.5897216796875,699.4063110351562,845.9747314453125,771.9197387695312
808.74169921875,694.8197631835938,846.7252807617188,767.8257446289062
815.8107299804688,692.9515380859375,847.320068359375,764.0938720703125
818.813232421875,689.0834350585938,845.6759033203125,759.60009765625
818.4085693359375,684.927978515625,846.0384521484375,746.856689453125
819.13427734375,681.2620239257812,845.6001586914062,738.16552734375
818.8760986328125,675.3358154296875,842.571044921875,732.961669921875
818.9119262695312,670.8655395507812,842.6676635742188,729.4732055664062
819.8360595703125,666.1345825195312,842.6162109375,734.8988037109375
821.1578979492188,660.30517578125,845.3128051757812,729.0396728515625
819.2792358398438,655.9378051757812,846.7853393554688,721.0045166015625
817.235107421875,650.8958740234375,846.2252807617188,716.6400756835938
815.2437744140625,646.921142578125,846.1964721679688,709.4720458984375
814.406982421875,643.3826904296875,846.3614501953125,705.0833740234375
815.4093017578125,638.8204345703125,847.9442138671875,698.530029296875
815.6493530273438,635.9657592773438,850.763671875,694.54833984375
817.9662475585938,626.5777587890625,853.592529296875,687.3165893554688
820.5110473632812,622.8380126953125,849.5482788085938,683.6552124023438
821.5347290039062,615.7977905273438,847.1976928710938,681.9375
821.8167114257812,609.9409790039062,846.7952270507812,677.44189453125
817.8609008789062,605.3386840820312,843.3678588867188,671.7103881835938
817.900146484375,601.9733276367188,842.8118286132812,668.8447265625
818.2265625,598.088623046875,842.69970703125,654.2904052734375
